Yaw:
  MSE: 1839.117543
  RMSE: 42.884934
  MAE: 39.494020

Pitch:
  MSE: 165.793280
  RMSE: 12.876074
  MAE: 9.557379

Roll:
  MSE: 179.300377
  RMSE: 13.390309
  MAE: 11.630635

