Yaw:
  MSE: 69.870598
  RMSE: 8.358863
  MAE: 4.823935

Pitch:
  MSE: 100.671904
  RMSE: 10.033539
  MAE: 7.161552

Roll:
  MSE: 80.614728
  RMSE: 8.978571
  MAE: 6.126028

